# oST version 5.0 parameters


[image]

width
640

height
480

[narrow_stereo]

camera matrix
826.580696 0.000000 297.305689
0.000000 826.931201 231.237256
0.000000 0.000000 1.000000

distortion
0.295135 -0.840250 0.000054 -0.001322 0.000000

rectification
1.000000 0.000000 0.000000
0.000000 1.000000 0.000000
0.000000 0.000000 1.000000

projection
847.883850 0.000000 296.804902 0.000000
0.000000 848.658569 231.210072 0.000000
0.000000 0.000000 1.000000 0.000000

