image_width: 640
image_height: 480
camera_name: narrow_stereo
camera_matrix:
  rows: 3
  cols: 3
  data: [826.580696, 0.000000, 297.305689, 0.000000, 826.931201, 231.237256, 0.000000, 0.000000, 1.000000]
distortion_model: plumb_bob
distortion_coefficients:
  rows: 1
  cols: 5
  data: [0.295135, -0.840250, 0.000054, -0.001322, 0.000000]
rectification_matrix:
  rows: 3
  cols: 3
  data: [1.000000, 0.000000, 0.000000, 0.000000, 1.000000, 0.000000, 0.000000, 0.000000, 1.000000]
projection_matrix:
  rows: 3
  cols: 4
  data: [847.883850, 0.000000, 296.804902, 0.000000, 0.000000, 848.658569, 231.210072, 0.000000, 0.000000, 0.000000, 1.000000, 0.000000]
